10
6
452 882
1256 2075
1153 2286
45 1033
1205 4795
1915 2460
6
731
763
1525
3291
3374
4867
6
2143 2450
2481 4120
1073 3491
3128 3821
2057 2532
4056 4772
9
268
2842
2898
2988
3147
3445
3584
4178
4615
3
3902 4475
207 1295
632 1481
5
173
1812
2465
4101
4393
3
2361 4862
1274 2822
3578 4484
2
1826
2455
9
710 1809
3365 3643
2178 4539
674 3925
4091 4647
845 4812
1471 1802
66 3152
767 1570
2
492
4448
7
4293 4865
328 2841
141 3372
886 1723
1454 1817
3298 3474
2383 2920
7
246
1133
2054
3664
4439
4442
4913
4
1938 4365
893 4850
244 550
66 3369
5
397
467
475
3768
4781
3
1296 1738
184 1938
1536 4981
7
1902
2385
2912
3073
4337
4590
4981
4
3081 3661
148 4437
3355 3360
547 2842
9
68
251
672
953
1835
2782
2853
3968
4293
4
877 4198
1988 3592
1973 2401
1712 4108
1
276